30601211
30601176
30598952
30597764
30591600
30581209
30580333
30579469
30574737
30567853
30556743
30556369
30547057
30541258
30535038
30533971
30518236
30506769
30501884
30501673
30497664
30496361
30489478
30484567
30478239
30473105
30466923
30461478
30461020
30460678
30454623
30449399
30448275
30447758
30430528
30420504
30419988
30415737
30407706
30405252
30398592
30391291
30391290
30383096
30359475
30354189
30351980
30334498
20301534
30325570
30322805
30318286
30304412
30294778
30293897
30293289
30285999
30275975
30271462
30270134
30270034
30264725
30264575
30264129
30249355
30247851
30236327
30235939
30235399
30231625
30222991
30221875
30221873
30215449
30212134
30211704
30195455
30194079
30192922
30192091
30191823
30190742
30174643
30169588
30169326
30160032
30150453
30150100
30149284
30146752
30143888
30136676
30134432
30133890
30132582
30129548
30127425
30125242
30115354
30111660
30111658
30103951
30097842
30097205
30095275
30090156
30088881
30086826
30083771
30083750
30083723
30071947
30060894
30059009
30050195
30045160
30038281
30026779
30025674
30024104
30024099
30015358
30007948
30007941
30004996
30004275
30003626
29988344
29971032
29960134
29958767
29957742
29953830
29947447
29946699
29943306
29936530
29924065
29924063
29923047
29920003
29915787
29915409
29905666
29903738
29903462
29898211
29896634
29889940
29889936
29889935
29888612
29887574
29878689
29875528
29873961
20301377
29863703
29862850
29851452
29846173
29807439
29800993
29788765
29787403
29785798
29784757
29781724
29766483
29766482
29763032
29748271
29742331
29739549
29728479
29722614
29719483
29715046
29713441
29708909
29701594
29689375
29689172
29689171
29687936
29676713
29672338
29661644
29657942
29657557
29650617
29643711
22934316
29636664
29630394
29626284
29617065
29615199
29610420
29610419
29610418
29610102
29600722
29599168
29593861
29590276
29589570
20301707
29576616
29576190
29575458
29575230
29564287
29563025
29558765
29550055
29546936
29528596
29518826
29517863
29516745
29516662
29509333
29508187
29477998
29468572
29462760
29461424
29459052
29456357
29447993
29438962
29435566
29432908
29426380
29424797
29421589
29417673
29412723
29392393
29388149
29384512
29380272
29378430
29373878
29372707
29369717
29369697
29369279
29363294
29350778
29348037
29343932
29343872
29341991
29336988
29336738
29336076
29334451
29325234
29322541
29319827
29319673
29305599
29305598
29303800
29301673
29301661
29297068
29286951
29284820
29284801
29280715
29280714
29280713
29280712
29280711
29279883
29279688
29271051
29269133
29262177
29267417
29262466
29262463
29261461
29254348
29250937
29248091
29239865
29235653
29235652
29235649
29232062
29229231
29226190
29223411
29213525
29204215
29204034
29200579
29192665
29190062
29188907
29184211
29179366
29175319
29167782
29167722
29159279
29155370
29146041
29142667
29142569
29142556
29138132
29135429
29126096
29125721
29122564
29119345
29115250
29100215
29099570
29099558
29097857
29096769
29085097
29083768
29078221
29077142
29077140
29076542
29074281
29072182
29064644
29064643
29063903
29061544
29053124
29046233
27656750
29033484
29030948
29023086
29025028
29024826
29019763
29018322
28994903
28986278
28984268
28977330
28977073
28973605
28973228
28972055
28965485
28957790
28956320
28947693
28946926
28943095
28937448
28933790
28925666
28923889
28923888
28923356
28917583
28914731
28905926
28902586
28892342
28892836
28891330
28891304
28891213
28887608
28887156
28884724
28881395
28880353
28876785
28876765
28876735
28877296
28872268
28864977
28864976
28863035
28862780
28859523
28859509
28858446
28857804
28857340
28856617
28852285
28851832
28849439
28845864
28843307
28838601
28838576
28837307
28837988
28834788
28833341
28830197
28814683
28812273
28812269
28811273
28810114
28810018
28810014
28807670
28807328
28806013
28804706
28801469
28796471
28794057
28791780
28787492
28771416
28770564
28767925
28766270
28765311
28765310
28760021
28751868
28749632
28749237
28749233
28745261
28737216
28735691
28734102
28728774
28724517
28722385
28720033
28714261
28714260
28714154
28711680
28704788
28704011
28702058
28697280
28694615
28693737
28693736
28686564
28684485
28683883
28681254
28677015
28663203
28663170
28661385
28661377
28660352
28654228
28652044
28649191
28647479
28647014
28639981
28639779
28631367
28629759
28624097
28622211
28622159
28616098
28615782
28615758
28610541
28601361
28599576
28599025
28595452
28593620
28593246
28590675
28590670
28590851
28573807
28566968
28562291
28558885
28553403
28551299
28551168
28545749
28539993
28538871
28538046
28534760
28523973
28522143
28520384
28520375
28506692
28497714
28495551
28492577
28488076
28485727
28476330
28461971
28453632
28452904
28450595
28450594
28450593
28447307
28438881
28437536
28437533
28437530
28437142
28433251
28428326
28428325
28422642
28422625
28421477
28418516
28418501
28418468
28418464
28417046
28417045
28414876
28410622
28409568
28406602
28406491
28405628
28396641
28394993
28394174
28387483
28385188
28381855
28375532
28366095
28353295
28337569
28335882
28335881
28335871
28334402
28328411
28327327
28325452
28321199
28303500
28300915
28298505
28296371
28293174
28291984
28291288
28289907
28288301
28285467
28281128
28277443
28275677
28275082
28273015
28265323
28264093
28264085
28262037
28258853
28258349
28240150
28237456
28231397
28231396
28230842
28225946
28224614
28218600
28218587
28215123
28214260
28211668
28209844
28204487
28196210
28194195
28191002
28187695
28183217
28170476
28168676
28148706
27336128
28141728
28141725
28141716
28141706
28139630
28137684
28137373
28130875
28127936
28119558
28110924
28110923
28107285
28105874
28105006
28104272
28103059
28091506
28087560
28077350
28076558
28075172
28075098
28071932
28067728
28053329
28051825
28051237
28041004
28039734
28039733
28038765
29949267
28038434
28032410
28031542
28030749
28029603
28027049
28025402
28025401
28025400
28025399
28011709
27996987
27993916
27981636
27980411
27977400
27976783
27960144
27956740
27938602
27929632
27928827
27924886
27920293
27919914
27918502
27918501
27916441
27915014
27909329
27909328
27899715
27905812
27894370
27891707
27884885
27881955
27874300
27873154
27871741
27871633
27870016
27857792
27856535
27856408
27856121
27853227
27845486
27844301
27842181
27839645
27832405
27818714
27814875
27807423
27767034
27803332
27801722
27801721
27801720
27800280
27799862
30204332
29381280
27793429
27786435
27786188
27786184
27784655
27783610
27693592
27767943
27767942
27744542
27130292
27753280
27753258
27753250
27749431
27747136
27730271
27729894
27720502
27712703
27692259
27685510
27683934
27673208
27664192
27664191
27659318
27654244
27653866
27651760
27648433
27629494
27617415
27617380
27616662
27606025
27603280
27601339
27595554
27591149
27589900
27583225
27581691
29406647
29406641
27574960
27570956
27568816
27568261
27556412
27556124
27551874
27550976
27548868
27548864
27548863
27548365
27548246
27543507
27534828
27522947
27510465
27507847
27506425
27501009
27500877
27497678
27490701
27483504
27479934
27478051
30047627
29620316
27474015
27464326
27460007
27459575
27458361
27456716
27454061
27452425
27452290
27451517
27448184
27441815
27437550
27426906
27425407
27422863
27421956
27418956
27418067
27414634
27409138
27401730
27397513
27393043
27383967
27375846
27375393
27370520
27367970
27366957
27366956
27365976
27364744
27364254
27362821
27358766
27356666
29560863
29560862
29406628
29240327
27355880
27355795
27353666
27350210
27350209
27346512
27346490
27346081
27346080
27346079
27338679
27333214
27332949
27332629
27328568
27324493
27323572
27312230
27311418
27308687
27308673
27306638
27302154
27296517
27295000
27294999
27294987
27293335
27291209
27282164
27277655
27275891
27270768
27263276
27260200
27255544
27254975
27252630
27252057
27244697
27244647
27244224
27244054
27243820
27243632
27243468
27243219
27242419
27242408
27240216
27238072
27227339
27227239
27221412
27220113
27199644
27187234
27185611
27183781
27180342
27180014
27179552
27175955
27175842
27174784
27174672
27169684
27161986
27158054
27152389
27148004
27145512
27143087
27141078
27137700
27130325
27126857
27120983
27116788
27115124
27111787
27105341
27101236
27099383
27099186
27097862
27097384
27095878
27095864
27086499
27081685
27079778
27075501
27055737
27054978
27054228
27045530
27043400
27038667
27037012
27033113
27019169
27017315
27011004
27007842
27005395
26998600
26997119
26997117
26997116
26992414
26985520
26985112
26982936
26982934
26980829
26972722
26969583
26966887
26965613
26962332
26951404
26950585
26946503
26946501
26943108
26943106
26941553
26938829
26938577
26936250
26925472
26924148
26923914
26923913
28627159
26917755
26912817
26909763
26908479
26908478
26907587
26905485
26903248
26903245
26895551
26890021
26887898
26883603
26882277
26882170
26881860
26881824
26881781
26881385
26881368
26870907
26868774
26867823
26865777
26859965
26859817
26857462
26857461
26852601
26844250
28463119
28463118
26823252
26822806
26820633
26819024
26806207
26787608
26780755
26779008
26771944
26768328
26764137
26764130
26757474
26754478
26752898
26752886
26752577
26744563
26742193
26739356
26738887
26735321
26734703
26733797
26732201
26730427
26728170
26720835
26719185
26718285
26717666
30226965
29446898
28981220
28635935
28635719
28525211
28296862
26715593
26713953
26709993
26709422
26704572
26701672
26697420
26685388
26681855
26677511
26677509
26660503
26659553
26657955
26651089
26649371
26646968
20301775
20301745
26636094
26634179
26634176
26632628
26630619
26622154
26621718
26619768
26619372
26618675
26615609
26614532
26614380
26610320
26602249
26602248
26601507
26600581
26598469
26594675
26591135
26590479
26590224
26581043
26577040
26575314
26575188
26571806
26567209
26567208
26565097
26565096
26557170
21348049
26551885
26548173
26544746
26542063
26541615
26538787
26536940
26536218
26535885
26534815
26534778
26534197
26534189
26534182
26525506
26519951
26519326
29750605
26511435
26511434
26510739
26508786
26507205
26506589
26506588
26500565
26497770
26490975
26488856
26483661
26482139
26480311
26469302
26462223
26456166
26448974
26446997
26446271
26442821
26441587
26440394
26438639
26434032
26432241
26431091
26430167
26428434
26428433
26426870
26423707
26421531
26417097
26414354
26408633
26407483
26403019
26402582
26398516
26397364
26397016
26393246
26390026
26385884
26384115
26381072
26379266
26378295
26376503
26375769
26372987
26366961
26361185
26360989
26359735
26358654
26358653
26356667
26356663
26356662
26356661
26356660
26356659
26356658
26356657
26356656
26356655
26356654
26356653
26356652
26356276
26355286
26349624
26345517
26345476
26344719
26342956
26341811
26340955
26335237
26332094
26325555
26324301
26316869
26316868
26312013
26305490
26301960
26301350
26286517
26285833
26285365
26281270
26281226
26276916
26274858
26273740
26272676
26269907
26268917
26268916
26266025
26262906
26262901
26259578
26258287
26251863
26243784
26236149
26235694
26235606
26228568
26222791
26222623
26219422
26219063
26219062
26213482
26211336
26205175
26199976
21290787
26192352
26190971
26185291
26175565
20301577
26168855
26167220
26164551
26161920
26158229
26153391
26152436
26152431
26158183
26150799
26149095
26146755
26142070
26137565
26137546
26135158
26133307
26132589
26126008
26122679
26120597
26120162
26117644
26117362
26114459
26114457
26114096
26112880
26112580
26112579
26108835
26107079
26092433
26092432
26092431
26088652
26084068
26082727
26076992
26076534
26067793
26063903
26065067
26065058
26052547
26049351
26037482
26036743
26030513
26030512
26030109
26029063
26029053
26027069
26026150
26024526
26018851
26016128
26012675
26005737
26004658
26004655
25993969
25990157
25987686
25981274
25978740
25976658
25976657
25975136
25973161
25969609
25969602
25969598
25966574
25964761
25962192
25956239
25950033
27703898
25930688
25929112
25926945
25919900
25918993
25912770
25910651
25903484
25902571
25901708
25901707
25901706
25901705
25901704
25901703
25901701
25901700
25901699
25901698
25901697
25901696
25898243
25898047
25894003
25891008
25890559
25885072
25882878
25882875
25873003
25871593
25871592
25870545
25864830
25855539
25853112
25852503
25852501
25846131
25844398
25843335
25843334
25843333
25840938
25840684
25840346
25830558
25822358
25815503
25814972
25809345
25805353
25803914
25797892
25792459
25791137
25789398
25788797
25767931
25764253
25762464
28596851
25753786
25748977
25746055
25744550
25741270
25736520
25736050
25732674
25729352
25727530
25726812
25725507
25724821
25724689
25724330
25722757
25722512
25722228
25715275
25715006
25714737
25711092
25709697
25707217
25702637
25700501
25698956
25694585
25694584
25691183
25687459
25672259
25668784
25665580
25662293
25655139
27703886
25651272
25650955
25650954
25650952
25650815
25650814
25650462
25645134
25643472
25642473
25642178
27476306
25634913
25634867
25634714
25630188
25629966
25627463
27703878
25625889
25624948
25624924
25595841
25587667
25587138
25587137
25582616
25580916
25562269
25558494
25553746
29400047
28316368
27386198
27386191
27386185
27175107
25546644
25546643
25528515
25524957
25524783
25514080
25510842
25495631
25493613
25492973
25492972
25489651
25488005
25488003
25483342
25477814
25470101
25458185
25456304
25455914
25441393
25440302
25439152
25432100
25429873
25429265
25428291
25425245
25419638
25414685
25414675
25407610
25394356
25391939
25389413
25388074
25377038
25377033
25369647
25364812
25362026
25361588
25361586
25356883
25339888
25327469
25327348
25326254
25325786
25325757
25318274
25317927
25314797
25314796
25314795
25314794
25312764
25309376
25295001
25294355
20301461
25288504
25288258
25285211
25275211
25275209
25272410
25272369
25270761
25266033
27574580
27429896
27284500
25245357
25245346
25245343
25241497
25234482
25226487
25226485
25225240
25225239
25224978
25224339
25224338
25222101
25221821
25211685
25211684
25211371
25210724
25197320
25191906
25188620
25187106
25186119
25184474
25181843
25181731
25175915
25165168
25163745
25158355
25157389
25149957
25147580
25142090
25138996
25137189
25134452
25131564
25121241
25118916
25118858
25103541
25103540
25101442
25101040
25100485
25100484
25098029
25093940
25084785
25083672
25072320
25069654
25065158
25061621
25061620
25057578
25057557
25057125
25054339
25024741
25023342
25023161
25012696
25011339
25010994
25007541
25007057
25002000
25000383
24999051
24991154
24982239
24982233
24982232
24980517
24979652
24976353
24976352
24976351
26360569
24972417
24969147
24960900
24960899
24960393
24954005
24953574
24953573
24945087
24934140
24924417
24920691
24918507
24917800
24913552
24912046
24911611
24909471
24904485
24904448
24904379
24893757
24889901
24882637
24874331
24860465
24856053
24845118
24840175
24839891
24839890
24839879
24839693
24830183
24828200
24828130
24824660
24817069
24815193
24810156
24803637
24799768
24794365
24792082
24791383
24791382
24791373
24786205
24785736
24785735
24785668
27134814
24767783
24757919
24754061
24752853
24745948
24745195
24739913
24738190
24725200
24724570
24723866
24722761
24717259
24712421
24712420
24712419
24709752
24696178
24692263
24692158
24683058
24663507
24656390
24655647
24651556
24647693
24644016
24639326
24637822
24625820
24624471
24623750
24617377
24617094
24617093
24617092
24617091
24617090
24617089
24617088
24617087
24617086
24617085
24617084
24617083
24617082
24614767
24614766
24614765
24614764
24614763
24614762
24614761
24611174
24596959
24596548
24581404
24578430
24554164
24554163
24548879
24535576
24534411
24534369
24534186
24534185
24523710
24518930
24514871
24512157
24509053
24506526
24505609
24503843
24502031
24501095
24500362
24497871
24494984
24492875
24492874
24492873
24492872
24491507
24481571
24478272
24477432
24472247
24464617
24457101
24449605
24446027
24440564
24440562
24437275
24426830
24425502
24418986
24413388
24411889
24399420
24394496
24393355
24390591
24380745
24380744
24380147
24379516
24375600
24371935
27335906
26824258
26146608
26092904
26052371
25960821
25866642
24371327
24367965
24367961
24367956
24367342
24366270
24363166
24362370
24359898
24358030
24357455
24355781
24353654
24351492
24348128
24343904
24342925
24341929
24340382
24337004
24334928
24325141
24325006
24316883
24312026
24308088
24268091
24303295
24302896
24299226
24296445
24295761
24293051
24293050
24292591
24290455
24290391
24278966
24261660
24253181
24240943
24240941
24231174
24229756
24217029
24217028
24210742
24201823
24201232
24196507
24196284
24195907
24195905
24195900
24195899
24179258
24175500
24174282
24172694
24168814
24166340
24159080
24159079
24146658
24145379
24141574
24137859
24137734
24137032
24127826
24123405
24116659
24115416
24107768
24101453
24084945
24078047
24074477
24071440
24069624
24068789
24059135
24047944
24047057
24045605
24030995
24027263
24026841
24026277
24025492
24025490
24020865
24018545
24011743
23999195
23995684
23993177
23992289
23991491
25438566
23985309
23982381
23982378
23981372
23980747
23973243
23972691
23971108
23970907
23962635
23954092
23951731
23945452
23940868
23927949
23926752
23926579
23923130
23919907
23917373
23898242
23890688
23888732
23872942
23859506
23858807
23858434
23853476
23847923
23847117
23847116
23845582
23841545
23837678
23833079
23830019
23830007
23824000
23821086
23808931
25860311
25860302
25464747
25337347
25206022
23802324
23796343
23791317
23785839
23783308
23778213
23777647
23775107
23773168
23771114
23756306
23755716
23754991
23751890
23748659
23745752
23745107
23744459
23738870
23736721
23736720
23722887
23715234
23712861
23585448
23709048
23703156
23702444
23689296
23687516
23677398
21882399
23669874
23668067
23657371
23650183
23635843
23632714
23622845
23617979
23616359
23614818
23613186
23613078
23610795
23610382
23607412
23607129
23606694
23605188
23605119
23602228
23588170
23578869
23576996
23568189
23565516
23556529
23556222
23554072
23549956
23549192
23546168
23545801
23545788
23545020
23544234
23544015
23539880
25518152
25206010
24937862
23533374
23532631
23531343
23520800
23515147
23508127
23507000
23504378
23503544
23488125
23479947
23479946
23479945
23476067
23471807
23471806
23468297
23468068
23452591
23451364
23449385
23448467
23447831
23447743
20301696
23437013
23433276
23429826
23423245
23422527
23422383
23411823
23410630
23409627
23407737
23403688
23399981
23394018
23389295
23380543
23379050
23378495
23378394
23372559
20301337
23350866
23350252
23349240
23348987
23346751
23346051
23342838
23332766
23332398
23332179
23331212
23329028
23324663
23320805
23320573
23320572
23320265
23303896
23287318
23281557
28156228
25109124
24971262
24851321
23265165
23265164
23257927
23255727
23254916
23248591
23245792
23238709
23237920
23234592
23233696
23229456
23223062
23219106
23218940
23214395
23213140
23211914
23211400
23208986
23198306
23194261
23192176
23186111
23184000
23178995
23174116
23170055
23167483
23165558
23159035
23157461
23147483
23147383
23143943
23136658
23136657
23136656
23136655
23136654
23136653
23136652
23136651
23136650
23136649
23135462
23118255
23118254
23118253
23118252
23118247
23123383
23120898
23120897
23120883
23116914
23107149
23106988
23101737
23101736
23097920
23095496
23095201
23095065
23093693
23087240
23079548
23052148
23052144
23052138
23052137
23052135
23052134
23052133
23052132
23050361
23047522
23045219
23035276
23032376
23022908
23016230
23011317
23002102
23000684
22988503
22984058
22970941
22970487
22963474
22963446
22961283
22960926
22960343
22948549
22945968
22917199
22917150
22917133
22917132
22917131
22917129
22917128
22917127
22917126
22917125
22917124
22917123
22917122
22917121
22917120
22917119
22917118
22917117
22917115
22914161
22914142
22890404
22879643
22876595
22876260
22869213
22864598
26191627
22840546
22840545
22825928
22825927
22821836
22819374
22814983
22811055
22805910
22805144
22803685
22799010
22798052
22792880
22792609
22790428
22790426
22790425
22788982
22787990
22787966
22787637
22787634
22764548
22763532
22759950
22753857
22753181
22752752
25237238
25237237
25237236
22745603
22740567
22736019
20301670
20301487
22734143
22729421
22722533
22722515
22697063
22694224
22690935
22688721
22684588
22673981
22670919
22666896
22660301
22653211
22650115
22646925
22641995
22630142
22629607
22628367
22624178
22618905
22617513
22616540
22616469
22612182
22610469
22605618
22585064
22579303
22574419
22573024
22566550
22554026
22552711
22546058
22545501
22543002
20301558
22525951
22525947
22516881
22511212
22509055
22506452
22499552
22498705
22498601
22488256
22483975
22480660
22474116
23930328
22462081
22458370
22450965
22449637
22443808
22436511
22428440
22428439
22420381
22417471
22414305
22409936
22409485
22401730
22394527
22389942
22387922
22382050
22371046
22365458
29758808
22359743
22357826
22356326
22355876
22350104
22348738
22345858
22342329
22338821
22324642
22314768
22314481
22311144
22310325
22303748
22284805
22278749
22272459
22271844
22267013
22265357
22256682
22256366
22250494
20641672
22235022
22227103
22224714
22220492
22220491
22214112
22212961
26236074
26069734
26020995
24406894
24406889
24406887
24406883
24406875
24406874
24406872
23990839
23990826
23990825
22207462
22193599
22191468
22189932
20641250
22176278
22171639
22170668
22164808
22162402
22162291
22157871
22157866
22154541
22152436
22150102
22150101
22146651
22146649
22146459
22146274
22145330
22136093
22132567
22125823
22121543
22121527
22118759
22111640
22111376
22101998
22095067
22094647
22087009
22083783
22077093
22077090
22071737
22068999
22066509
22064402
22064390
22055737
22051659
22051658
22051657
22051656
22051655
22051634
22051563
22048978
22040196
22040138
22036574
22031417
22031397
22026323
22021469
22021468
22021467
22017998
22013757
22011675
22009229
22007975
22003996
22001185
21996644
21996118
21992900
21980823
21980632
21977608
21973040
21972125
21971944
21971344
21970831
20641810
21963812
21963711
21963708
21957925
21954820
21954153
21950370
21948914
21948902
21939651
21939085
21938866
21938800
21936066
21932693
21931978
21921550
21919600
21915623
21907498
21901845
21898455
21893655
21890803
21890797
21881456
21878599
21874125
21871367
21870890
21870438
21858587
21846845
21846699
21842784
21842783
21838821
21698558
21834171
21823915
21819393
21818083
21815289
21804852
21784293
21780673
21775301
21772639
21772319
21770225
21766545
21766543
21762824
21751912
21745616
21745615
21743352
21734709
21731837
21730328
21730327
21727283
21724038
21722473
21719799
21714774
25520744
21713505
21710921
21710919
21701456
21693747
21693092
21684516
21684097
21682815
21681205
21678575
21677744
21675928
21675293
21667703
21667199
21663432
21656634
21654793
21654704
21654508
21642775
21642774
21642302
21632878
21632723
21625735
21623693
21621137
21613926
21613192
21605328
21599951
21595392
21570014
21595111
21592164
21575074
21574994
21574993
21567917
21558125
21556966
21554160
21552086
21548887
21538839
21526575
21505512
21503716
21502160
21499334
21497680
21485469
21480875
21480541
21476368
21476362
21475224
21475216
21473722
21472033
21470186
21469327
21467218
21465869
21452506
21452482
21442361
21440231
21434401
21427559
21426369
21426356
21424234
21421172
21409835
21409826
21406145
21404127
21401819
21395563
21391745
21391518
21390445
21388583
21387868
21387391
21383260
21371014
21364023
21360862
21356391
21350919
21343697
21338911
21336526
21335051
21328567
21325177
21319529
21317770
21316189
21309374
21302354
21299356
21299355
21057429
21287756
21286868
21284962
21282674
21280391
21271092
21271085
21269887
21259260
21250895
21249454
21248020
21246767
21246288
21245120
21245118
21240676
21229925
21225454
21224310
21220213
21218680
21218600
21213611
21209060
21209059
21206454
21205644
21204358
21199736
21198452
21197720
21196506
21194245
26269783
22649376
21189809
21188313
21188302
21187785
21164477
21159947
21155621
21152837
21150965
21143228
21137538
21114403
21111019
21103708
21095161
21095065
21085054
21082495
21081718
21077359
21075458
21071320
21068221
21061733
21057256
21056934
21056151
21048057
21046703
21043395
21041252
21041249
21039752
21037151
21034991
20978523
20974779
20973719
20973246
20973245
20971408
20970971
20964600
20962132
20949817
20944043
20941863
20941849
20939148
20934920
20929186
20924246
20923134
20920867
20889449
20888579
20888039
20880122
22532897
22532896
22532895
22532894
20865448
20854603
20842985
20841340
20840244
20840230
20836955
20827741
20822869
20819403
20812190
20808970
20808509
30282211
20803727
20731967
20728386
20722962
20722202
20719293
20706805
20704143
20704049
20699478
20697394
20689720
20684423
20682832
20678244
20672692
20670307
20669467
20666596
20666201
20661484
20661262
20658161
20654901
20654899
20654825
20654823
20653261
20643374
20642023
20636697
20635338
20630121
20629588
20627451
20624879
20622347
20621443
20620853
20620260
20619172
20608278
20608276
20607990
20607638
20603897
20600465
20597733
20585267
20585266
20583950
20583165
20574149
20571020
20569025
20568580
20562088
20550550
20535085
20530172
20527480
20521602
20518381
20513864
20500634
20500479
20499455
20498171
20497452
20494435
20492856
20491697
20479756
20476529
20467047
20466946
20462138
20461918
20450463
20438675
20437089
20435973
20434689
20432106
23858579
23858577
23858576
23858575
23858571
20428694
20415615
20412258
20410709
20402135
20402133
20402131
20401978
20397465
20395278
20395277
20392285
20387105
20386177
20385917
20385034
20376018
20373658
20373630
20358624
22479132
20350258
20345958
20339807
20339805
20336991
20331660
20306783
20303436
20299908
20299637
20299033
20298657
20233774
20225434
20222272
20219042
20216346
20216345
20213934
20212079
20199766
20189018
27023960
27023958
22930976
22748032
20180295
20175791
20175131
20166802
20166801
20164529
20159865
20157944
20153953
20148298
20148297
20145474
20142376
20131963
20128254
20124366
20124364
20124363
20124275
20118180
20110825
20110824
20102259
20101695
20098949
20097217
20092121
20081690
20075373
20075308
20074449
20073108
20070003
20066808
20055965
20042170
27392916
24391678
23965363
23186793
23186788
20040821
20030459
20022928
20020803
20018143
20017036
20012889
20012557
19999849
19968949
19968948
19960858
19941759
19938392
19935486
19931139
19928566
19925352
19921624
19917213
19917212
19917211
19917210
19904836
19901356
19881051
19874940
19874754
19861233
19859026
19846996
19845067
19844947
19843021
19839058
19838980
19838574
19833396
19824216
19816850
19816844
19811760
19797336
19785304
19779414
19776319
19772030
19771665
19770480
19765010
19765009
19760650
19760408
19758538
19758537
19758536
19758535
19752307
19747282
19745659
19745656
19737796
19737794
19737793
19737792
19732576
19724011
19722339
19722061
19719002
21088710
19708471
19697566
19693328
19685653
19675094
19664354
19663039
19661990
19654281
19654280
19652773
19651747
19651594
19649166
19644786
19643218
19630902
19630898
19630897
19630896
19630888
19630885
19623831
19622806
19622699
19620035
19619130
19615678
19614831
19597979
19591325
19589974
19584360
19576570
19576367
19572192
19571860
23966519
19560119
19559310
19552755
19551561
19549192
19548820
19546136
19542823
19542070
19537642
19528016
19525690
19522171
19516031
19516030
19505227
19496350
19488573
19487622
19485080
19481354
19480113
20721312
19478850
19478841
19475765
19469132
19467008
19466595
19454740
19452270
19449104
19440093
19437581
19435593
19433673
19432055
19424182
19416608
19415878
19414703
19413010
19404840
19401028
19400377
19395902
19395900
19395898
19395694
19383866
19382303
19374055
19367575
19363650
19363372
19360686
19360678
19360670
19360669
19360661
19360653
19359554
19358303
19352214
19349993
19345527
19343578
19343569
19343567
19340658
19340628
19339915
19339759
19339384
19339371
19339363
19335563
28090148
21495359
19323315
19323243
19322888
19309548
19307205
19297806
19291888
19284184
19284175
19283229
19274502
19273998
19269936
19268302
19266897
19261689
19261688
19248912
19248872
19248360
21475803
19247253
19238465
19236212
19232924
19226486
19223341
19213293
19213292
19213291
19213290
19213289
19213286
19213285
19210491
19200470
19200293
19197270
19188295
19186708
19185316
19176580
19175200
19161050
19142473
19142472
19142471
19142310
19139347
19131610
19130875
19127419
19127311
21495290
21264330
21264041
20217978
20217977
20217969
20217968
20217967
20217963
19087097
19085879
19069352
19064131
19064037
19060987
19047565
19047272
19043940
19043939
19043938
19043937
19043935
19043934
19043933
19043931
19033217
19033216
19030398
19026915
19024857
19024765
19018159
19017902
19011973
19006807
19002212
18999918
18998447
18989289
18981361
18962727
18956608
18954472
18942599
18941966
18941547
18941024
18935699
18923720
18922490
18852963
18846426
18833438
18832543
18831922
18827280
18826017
18826016
18826015
18826014
18815334
18809707
18809706
18809705
18809695
18808815
18808040
18807360
18807359
18800283
18800098
18794641
18789226
18787581
18785892
18784093
18783897
18783896
18778978
18777788
18775365
18772000
18771966
18771165
18762548
18756240
18754911
18754890
18726760
18726680
18724171
18717687
18717157
18712004
18704077
18702263
18702194
18700220
18698197
18687652
18679531
18679169
18677793
18675429
18669649
18666231
18658071
18646386
18642547
18635766
18633377
18630070
18622519
18621658
18608250
18608241
18604428
18596018
18596010
18595409
18594960
18592481
18584809
18583963
18578583
18567403
18562247
18557260
18556596
18551756
18532934
18522256
18521999
18517107
18512134
18511680
18496329
18496326
18481572
18481446
18480200
18464659
18463973
18463267
18459692
18452756
18451989
18447194
18439121
18420377
18416720
18416508
18416227
18415818
18414608
18414094
18408862
18402100
18401039
18393594
18392164
18392163
18391923
18390510
18387724
18386443
18383989
18381546
18380936
18376676
18373717
18366381
18356702
18350968
18348375
18347312
18332395
18327635
18324462
18321829
18317281
18316431
18314825
18313499
18310844
18310467
18310268
18310002
24422644
19999503
19999497
18301320
18300611
18293791
18288892
18285759
18271090
18264194
18249403
19360645
19360644
18229734
18223067
18219710
18218042
18214826
18203195
18199019
18198104
18195158
18191778
18191681
18184953
18180423
18177704
18166112
27688738
27683277
19337577
18160196
18159478
18075984
18074377
18073354
18072140
18071103
20461860
18027770
18021524
18019187
18005360
17993344
17985813
17985220
17984417
17984416
17974928
17972998
17972997
17972170
17957233
17950066
17944296
17944295
17941530
17938721
17931058
17923648
17922179
17917805
17916718
17915652
17910205
25865448
17898096
17898095
17896724
17896723
17896722
17894204
17885896
17885828
17885824
17882895
17880534
17874667
17853837
17853569
17853568
17853379
17852517
17848455
17768393
17766776
17761662
17726792
17725771
17721731
17721696
17721695
17719953
17710819
17695885
17688775
17688557
17687425
17687286
17687282
17679997
17675925
17673740
17667472
17663033
17660646
17656029
17652655
17651908
17650138
17634177
17631116
17626859
17626143
17613098
17608329
17608327
17607130
17598322
17595690
17592791
17587278
17584408
17580071
17579670
17569914
17558920
17555722
17545403
17542236
17542100
17541064
20148122
17525405
17518922
17517976
17517008
17514542
17512887
17510133
17503250
17502791
17495152
17491609
17489724
17486179
17479620
17479094
17477326
17475749
17472100
17468640
17467361
17465082
29788628
17464364
17455571
17455162
17453057
17453050
17436841
17428138
17427312
17420674
17420414
17407207
17406092
17405073
17404828
17404144
17404143
17404142
17404140
17404139
17404127
17403969
17403964
17395945
17392229
17389114
17388098
17385170
17381792
17381789
17381780
17376170
17375459
17375449
17372545
17372544
17370628
17367577
17362832
17343276
17342827
17341698
17335987
17335984
17332031
17332028
17326316
17319247
17319245
17319244
17319243
17319241
17319240
17317564
17314728
17310914
17295806
17295805
17294545
17291434
17276745
17275674
17265825
17260524
17260041
17260027
17256292
17255849
17255397
17255390
17253991
17240078
17225581
17225474
17209968
17207050
17204615
17203569
17201623
17200280
17194285
17185452
17183820
17183819
17183732
17180792
17177924
17168157
17167333
17166793
17157996
17151148
17136600
17131802
17131537
17121280
17118050
17111565
17109795
17109794
17107456
17099850
17090484
17089542
17088878
17088279
17080269
17080268
17076085
17075042
17069553
17066886
17066308
17050401
17044601
17044329
17040083
17040082
17023484
17022340
17015569
17008852
17006862
16960762
16956014
16946833
16941429
16940318
16940317
16921862
16921861
16921860
16921859
16921858
16921857
16921856
16921855
16919140
16915882
16913517
16913182
16910444
16908485
16908484
16903187
16894538
16893855
16887282
16874562
16873821
16868570
16862738
16862721
16855877
16855475
16848669
16844468
16840925
16835042
16835036
16832954
16831632
16815810
16810410
16807320
16807319
16805246
16801976
16797902
16796825
16791386
16790726
16789864
16776394
16776306
16772815
16766818
16763777
16759815
16755385
16736030
16735776
16703933
16702096
16700926
16685186
16682401
16682400
16669738
16669430
16649496
16641966
16638905
16638516
16625875
16625766
16620407
16614324
16613869
16612577
16610472
16607827
16607159
16598958
16596464
16596425
16586156
16586154
16585346
16585345
16579308
16571453
16568359
16565885
16563588
16562391
16553538
16541987
16538551
16527757
16522707
16513891
16512360
16512358
16512357
16512355
16512354
16512352
16512351
16512350
16512349
16512344
16509121
16504417
16503096
16494569
16492263
16492260
16484478
16482712
16474000
16451129
16439327
16428008
16417660
16408340
16397463
16391205
16389715
25598865
16382773
16381331
16379451
16371371
16363193
16358123
16358122
16357606
16324905
16320474
16318924
16301473
16295221
16295154
16287705
16283608
16283079
16283078
16283077
16281003
16278050
16272657
16272002
16270865
16270794
16260809
16257128
16255569
23925169
23925159
16239855
16239763
16224622
16223569
16218095
16217928
16216155
16213805
16201716
16197910
16195198
25871352
16192905
16184339
16182660
16180292
16175314
16173223
16167092
16164250
16163659
16155059
16145276
16142044
16138419
16138288
16134446
16134040
16127887
16127438
16124208
16124147
16119467
16113144
16101972
16094921
16094260
16089250
16080299
16077874
16077873
16077872
16077870
16077868
16075402
16052958
16052956
16052955
16043611
16034286
16034272
16025802
16021813
16021812
16019784
16015399
16014152
16009878
16002902
16002901
15997008
15995077
15995075
15983158
15977948
15976282
15973639
15971642
15964257
15942946
15937456
15937046
15919178
15910197
15909411
15904832
15904829
15896524
15893142
15892462
15890858
15886261
15886168
15886167
15881630
15880443
15870657
15867075
15866124
15865053
15857863
15843099
15835571
15832525
15822463
15812134
15805236
15802087
15801097
15796130
15796129
15793197
15784096
15784047
15780521
15777516
15766630
15766629
15765315
15764492
15749253
15749252
15749251
15749250
15749249
15749248
15749247
15749246
15749245
15749244
15749243
15749242
15749241
15749240
15739717
15735360
15734810
15732182
15731426
15723914
15723027
15712760
15709530
15707124
15707120
15695936
15694294
15687465
15679479
15679195
15679194
15673064
15668079
15668078
15668075
15666337
15657999
15657934
15654033
15650488
15648208
15645598
15645073
15637857
15636602
15633858
15631275
15630018
15628613
15628612
15625964
15624347
15622415
15620849
15620548
15612651
15612168
15612092
15609543
15595144
15590247
15590246
15590242
15590241
15590240
15575417
15571713
15564238
15563008
15562433
15556961
15556801
15551816
15544125
15541632
15541631
15533648
15530668
15530174
15523767
15520116
15516200
15514396
15513734
15513733
15506130
15505746
15504445
15502532
15502529
15502528
15496656
15496004
15491399
15489628
15489156
15481781
15475653
15461991
15459995
15449521
15449491
15382361
15381885
15380151
15376613
15371172
15371082
15367153
15367140
15366771
15364187
15362263
15362160
15358874
15354897
15349878
15341194
15337675
15337478
15337474
15330453
15330227
15328707
15328608
15316135
15314943
15314667
15313750
15302177
15296362
15284644
15284643
15276386
15269741
15266626
15264503
15262872
15257344
15246500
15241885
15235159
15235033
15233601
15232754
15232055
19657424
15222674
15217671
15215496
15212111
15212110
15211712
15211315
15204577
15204571
15204452
15204450
15204445
15202626
15201345
15199860
15199014
15195392
15193671
15193668
15192872
15176594
15165433
15164721
15162942
15160659
15152222
15151577
15149621
15149620
15148861
15145478
15145477
15134794
15132268
15127859
15124148
15121684
15121413
15118733
15111982
15109109
15098963
15098962
15094289
15091132
15075959
15074310
15070785
15070551
15060252
15057212
15056529
19655021
19655018
19655017
19655010
19655009
15051277
15038137
15029860
15026089
15022854
15022650
15022649
15022648
15022645
15016482
14999243
14999171
14998496
14994698
14986681
14985719
14985384
14975625
14975624
14975622
14963848
14770048
14764286
14755446
14745888
14739199
14739198
14739197
14739196
14738960
14738014
14733976
14733975
14726747
14722136
14722135
14717091
14714938
14709562
14703570
14703565
14700719
14695030
14690972
14678674
14671732
14667112
14660186
14653277
14650923
14647347
14639510
14636398
14627688
14627686
14625235
14624970
14622895
14615703
14615689
14611734
14611720
14606690
14606221
14606216
14606214
14606213
14602448
14594338
14594337
14594336
14594335
14584570
14580667
14578051
14574825
14565049
14560504
14560164
14534514
14534046
14530505
14526708
14521184
14515945
14509772
14509770
14504450
14503329
14502825
14501282
13677332
13677150
12971101
12970526
12969207
12969200
12959225
12952697
12951131
12948613
12946972
12945605
12941851
12938707
12938058
12938056
12934990
12933322
12929353
12921465
12918395
12918365
12911139
12908839
12908838
12908751
12901590
12898989
12893784
12888798
12884441
12882528
12882202
12868226
12865381
12860780
12851080
12851079
12851077
12850661
12847759
12846391
12846390
12846389
12837894
12833241
12832263
27764326
12796622
12787164
12787161
12787155
12778540
12776661
12768967
12763972
12762089
12757366
12757365
12757364
12757363
12755939
12750496
12749074
12747928
12747386
12746398
12739267
12731347
12727783
12720505
12719369
12711567
12710238
12708887
12708587
12707553
12700706
12676915
12668924
12649624
12645252
12640594
12638514
12627390
12625287
12623686
12623082
12622124
12622123
12622122
12622119
12612255
12610643
12593342
12593340
12589605
12587136
12585021
12580701
12578231
12569906
12553968
12553598
12553339
12549892
12544187
12543815
12543600
12540255
12540134
12540133
12540132
12525552
12523275
12519050
12503982
12500084
12498062
12491987
12485538
12480867
12472072
12472071
12466518
12457894
12455459
12455213
12451093
12449266
12449259
12447040
12447025
12447022
12439888
12439321
12421888
12416063
12415749
12414832
12411928
12410082
12410074
12401484
12401483
12401179
12400313
12399938
12395107
12389363
12389191
12389190
12389189
12387274
12374169
12374168
12365852
12364850
12361311
12359512
12352279
12233755
12231270
12228999
12205772
12218436
12216055
12201976
12199138
12197060
12187919
12175885
12175882
12175865
12175852
12170661
12151466
12149922
12145534
12142951
12142950
12142948
12142947
12142946
12142945
12142944
12142942
12142940
12142938
12142937
12142936
12142935
12142934
12142933
12142932
12142931
12142930
12142929
12142072
12136049
12134270
12131827
12126892
12125428
12125427
12114006
12108798
12108626
12107870
12102589
12091786
12086786
12086785
12086784
12086783
12086782
12086571
12082381
12071397
12071396
12071394
12058844
12058843
12056990
12048476
12047707
12041800
12038546
12033712
12030899
12030495
12030094
12026691
12026389
12017623
12017617
12022077
12020535
12012653
12008724
12001786
11991943
11990073
11986972
11986637
11984465
11983579
11978896
11975289
11972410
11954267
11954076
11951183
11950954
11949434
11949896
11943972
11924292
11920843
11920146
11916336
11916335
11916334
11916333
11915825
11907586
11903348
11897827
11886016
11879886
11879853
11879171
11874030
11857568
11850366
11845509
11839952
11834548
11833109
11823369
11798373
11818072
11808260
11802587
11799653
11794417
11784553
11784552
11783055
11781177
11778246
11777252
11777017
11773354
11769274
11768670
11768669
11767506
11765280
11758633
11754072
11751642
11746727
11734770
11727202
11725420
11723986
11699370
11692368
23982038
11683153
11683152
11678137
11668865
11642227
11597968
11590976
11588711
11588235
11588234
11588233
11580167
11580165
11580163
11578640
11572490
11569621
11569590
11568392
11567931
11565437
11557721
11549928
11548076
11530449
11526814
11525749
11523953
11518491
11518490
11518489
11518488
11518487
11518486
11511455
11502332
11501684
11501682
11499420
11495610
11494958
11490675
11484721
11484720
11474202
11469172
11468931
11465533
11463692
11462786
11458863
11452671
11452364
11450827
11450826
11450825
11450824
11450822
11450214
11446138
11445529
11440943
11439748
11439747
11439272
11437012
11437006
20084265
11427748
11427145
11422360
11421043
11418823
11417094
11407266
11401594
11398299
11397326
11395941
11395939
11395938
11395937
11395935
11392529
11392520
11392338
11391966
11391493
11388320
11385482
11384926
11380059
11380057
11369559
11368715
11344595
11343745
11339385
11338656
11337432
11333518
11332787
11325160
11324383
11318548
11317213
11316961
11313510
11313215
11302153
11277830
11294068
11288453
11288452
11288451
11288450
11285800
11274921
11265546
11262726
11262279
11261478
11261477
11261476
11261475
11261474
11261473
11261472
11261470
11261463
11261385
11261058
11256675
11244380
11238356
11235299
11221907
11214140
11211531
11211528
11209321
11203888
11202024
11202018
11189592
11184560
11158478
11153827
11148535
11144346
23981795
11110369
11110368
11107754
11107752
11105646
11098892
11098890
11098888
11098886
11098884
11098882
11098880
11098878
11098876
11098874
11098872
11086979
11085720
11084383
11081786
11080937
11079068
11072970
11064962
11064690
11058194
11055463
11055462
11055183
11055182
11040767
11039865
11039864
11039863
11037244
11036344
11026961
11022938
11015246
11009739
11008292
11007210
11006807
11006523
10981900
10977212
10970715
10970712
10970710
10970708
10970706
10967744
10963263
10963267
10963266
10963265
10963264
10954978
10954406
10937459
10928021
10902094
10898930
10889044
10888865
10858943
10858914
10855658
10840175
10834476
10832784
10832783
10832782
10832781
10832780
10832773
10819126
10819125
10819124
10819123
10819122
10819121
10817421
10802486
10797930
10797914
10790481
10791514
10777379
10777378
10777377
10777376
10776782
10773914
10768695
10765886
10745683
10744867
10734825
10731332
10731330
10714045
10710787
10697127
10697126
10678505
10691370
10686566
10681219
10669987
10665582
10662326
10657358
10652748
10641384
10638463
10637856
10636173
10631888
11106359
10619276
10596244
10588973
10587891
10587890
10587889
10587888
10578616
10575327
10568088
10547235
10542971
10531825
10528306
10516805
10514694
10511014
10510563
10509879
10504804
10500859
10500858
10500857
10500397
10497836
10489979
10489978
10479960
10478736
10478735
10478734
10478733
10478732
10469784
10446539
10446722
10435643
10435466
10425812
10425658
10425656
10419171
10416959
10405495
10382142
10382141
10382140
10382139
10382138
10382136
10374734
10376608
10373156
10370546
10370885
10370438
10364726
10354667
10353240
10347430
10214929
10212550
10210255
10200844
10200837
10198944
10191518
10190273
10102405
10102402
10102448
10098001
10098000
10097999
10097998
10097997
10095762
10095755
10095754
10091547
10087679
10068053
10067748
10026453
10023598
9951204
9951203
9949937
9949560
9932247
9932246
9932245
9932244
9932243
9932242
9891912
9882829
9881810
22477157
9868572
9859735
9823671
9808918
9803429
9791407
9791406
9775951
9770255
9770251
10186290
9739321
9738871
9735606
9734944
9712379
9711493
9711492
9711490
9711489
9711488
9710429
9706547
9703754
9699121
9695440
9690668
9689262
9678411
9673222
9673220
9673219
9673217
9673216
9672055
9664646
9658451
9656140
9656139
9656138
9648643
9643823
9643822
9643821
9643820
9643819
9643818
9643817
9643816
9643815
9643797
9640942
9652942
9652941
9624080
9630795
9628075
9614468
9603617
9601471
9599483
9598172
9592964
9592960
9586780
9586779
9585188
9577833
9561946
9549673
9549672
9549671
9549670
9549669
9549668
9547187
9546308
9546307
9546306
9529392
9525401
9525396
9525395
9525394
9525393
9525392
9525391
9525390
9519626
9514500
9498172
9483035
9460370
9380126
9380125
9455730
9455725
9455194
9445942
9379807
9413479
9411140
9403928
9403377
9403376
9403375
9403374
9358013
9356582
9292930
9291715
9288051
9261673
9261672
9261671
9261670
9256575
9247385
9439349
9259386
9259384
9211680
9527682
9417393
9242859
9225710
9216027
9217783
9237464
9193390
9229267
9229266
9229265
9229264
9229263
9229262
9199546
9258976
9206602
9136488
9140353
9140352
9306746
9306745
9216395
9183272
9105973
9105972
9105971
9105970
9105969
9105968
9090351
9067002
9172282
9172281
9144699
9100317
9054804
9033460
9031564
9024470
9018585
9018584
9018583
9016277
9004067
9071369
9452914
9378598
9204685
9172965
9146176
9119585
9070827
8986853
8986852
8986850
8978195
9611452
9384993
9120235
9120229
9120217
9016194
8946569
8932913
8916233
8911220
9036148
8906457
8906456
8885579
8886171
8816677
8932250
8932249
8908418
8863096
8863094
8863090
9074330
8868842
8779639
8768359
8768340
8853207
8853206
8853205
8725750
8871944
8767048
8767044
8615435
9231302
8919700
8919699
8744497
8744495
8744494
8744493
8744492
8744491
8744490
8744489
8744488
8744487
8744486
8744485
8744484
8744483
8744482
8744481
8744480
8744479
8744478
8744477
8744476
8744475
8744474
8656810
8778935
8685173
8611819
8907865
8569026
8850706
8819774
8819773
8819767
8819766
8720635
8544252
27594721
22302728
22302727
9010665
8770522
8754357
8850239
8720034
8720033
8748095
8654788
8556628
8556618
9256051
8567599
8567598
7592256
7564588
7667627
8579226
7658764
7667126
8526335
7592255
7592254
7592253
7588170
7789665
7643740
7560130
7559299
7559298
7559297
7559295
7732360
8525855
7753731
7643815
7573755
7778603
7786965
7731907
7675589
7559288
7559287
7559286
7792411
7739980
7705171
7891235
7854553
7775035
7731211
7731210
7608036
7608035
7608031
7605449
9384911
8657795
7745522
7732604
7705090
7701091
7652471
7649039
7623264
7605057
7544477
7497315
7886498
7886496
7886495
7844100
7844099
7995804
7995802
7943466
7532530
7529024
7802044
7814314
7988051
7925152
7799621
7754455
7607368
8050620
8040661
7968563
7961337
7961336
7961335
7961334
7809743
7809742
7809741
7809736
7809735
7809733
7809732
7809731
7809730
7809729
7802848
8083152
7930421
7928306
7854002
7521867
12345678
8192193
8087609
8087608
8087607
8087606
8087604
8050990
8050989
8042712
8166319
8062410
8037788
8040164
8040163
8040162
8039362
8039356
7913707
7518820
8204569
8187480
8186333
8188807
8188806
8188796
8188578
8188577
8188570
8118547
8123505
8273679
8190970
8151074
8132108
8049905
8028434
8000776
7905084
7868793
7862768
8264294
8310134
8170792
8106310
8106309
8106308
8106307
7507360
8278018
8271795
8261379
8146552
8105178
8271341
8407757
8226591
8226590
8226589
8226588
8226587
8226586
8226585
8139965
8401890
8275557
8214437
8315767
8351217
8415998
8373315
8354499
8210603
8516670
8373928
8373914
8342334
8331060
8331059
8331058
8331057
8331056
8331055
8331054
8331053
8101184
8098126
8509496
8505836
8415191
8356175
8513041
8479334
8479333
8479332
7687150
8481250
8463368
8463200
8463199
8463198
8463197
8463196
8378468
8378467
8275903
8489580
8475217
8470749
7681742
11619368
8421239
8377579
8110421
7679094
1483984
1483983
1483982
1483981
1301047
1483193
1429429
1364154
1301611
1298942
1286789
1400696
1297905
1414026
1400108
1400107
1400106
1400102
1329399
1302332
19630656
1516230
1388415
1388411
1642990
1624411
1612219
1605299
1590516
1470956
1470951
1470949
1470948
1470947
1470946
1470945
1470944
1470943
1470942
1470941
1345670
1631672
1397568
1374088
1299591
1532800
29871396
1605235
1605228
1605210
1592761
1581428
1598470
1592763
1592762
1592760
1564043
1564042
1508762
1374419
1372231
1641805
1641793
1740949
1547111
1374606
1346044
1737082
1625662
1625655
1601571
1579611
1558562
1555266
1537777
1326154
1297993
1776650
1838108
1805627
1778969
1778968
1778967
1778966
1768296
1767361
1928502
1824091
1787144
1787143
1787142
1763757
1743424
1720733
1776078
1758381
1743420
1922505
1938782
1938781
1938780
1938779
1744191
1881793
1881792
1881791
1918430
1853966
1676444
1836322
1853329
2053803
1864833
1864832
1864831
1864830
1864829
1709436
1673742
2055895
2055894
2020538
2020536
2020535
1878105
2042170
2042145
2044858
1870415
1862115
1834531
2037553
2037552
2037551
2000468
1903790
1870512
2018093
2018089
2018060
2001117
2001101
1995127
2039170
2039166
2034193
2026399
2005052
2001623
1962514
1844561
1810120
2279977
2279976
2279975
2279974
2096574
2073217
2232011
2273035
2267461
2097475
2075175
2233013
2400017
2096271
2215015
2245290
2227146
2101592
2210090
2398124
2398123
2287526
2371706
2371408
2365150
2347827
2347826
2347825
2347824
2124289
2392405
2353962
2324052
2240968
2308664
2179250
2140033
2532033
2606889
2599264
2589564
2808274
2631427
2531602
2817015
2534770
2796501
2793794
2793793
2793792
2793791
2793790
2792032
2750994
2605111
2605109
2534428
2769591
2766115
2766112
2716136
2774626
2751002
2747828
2745399
2745398
2745397
2667271
2804742
2494214
2776264
2489259
2563871
2925589
2752959
2716239
2708300
2708299
2708298
2660769
2533709
2523379
2927536
2927530
2927529
2927524
2912256
2563072
2918529
2747443
2719530
2705475
2664396
2628679
2602513
2523258
2978816
3215895
3215894
3215893
3255470
3244539
3198577
3068046
3067904
2459962
3173446
3226740
3064974
3215138
3188669
3170464
3170463
3170462
3170461
3170459
3170458
3408767
3408765
3058288
3401627
3242403
3182599
3182598
3182597
3168048
3053609
2972692
2972691
3410816
3402194
3377648
3240435
3167713
3164469
2970454
2457038
3367940
3255948
3390367
3288611
3177450
3072004
3052070
3047159
2901427
3387381
2969419
2895254
3355880
3128893
3381114
3372456
3372455
3368433
3368432
3368431
3360733
3360732
3360731
3350946
3285338
3260437
3242512
3235182
3222384
3222383
2978767
3127939
3358844
2447107
22912056
3406214
3405450
3403166
3387517
3370162
3370117
3280580
3278547
3229155
3226655
3224013
3212157
3198899
3144935
3067985
3685989
2890926
3691988
3691030
3691029
3680159
3680157
3323447
3678057
3480887
3429401
3429400
3428759
3149474
2966275
2892825
2448285
3119086
3447681
3439696
3432487
3654496
3654494
3499432
3427303
3334020
2887730
3678635
3671608
3657283
3423881
3423877
3423875
3423874
3423873
3423872
3423871
2955392
3667016
3657039
3654498
3654497
3308831
2962259
2826308
3662977
3578178
3497154
3316019
3295158
2887661
3597560
3597297
3597289
3597288
3597287
3584662
3298200
2439672
3603750
3605819
3598760
3574511
2883625
3647617
3584011
3571139
3571138
3473062
2977280
2436128
3814674
3581251
3571656
3794879
3604725
3602307
3583998
3549181
3548578
3508376
3480182
3480179
3300877
2441320
3817325
3817323
3804965
3804964
3804963
3804962
3645800
3641997
3671832
3800234
3800233
3797382
3797381
3780681
3779307
3760413
3558295
3558294
3558293
2947737
3792272
3745001
3730188
2425068
3733999
3722122
3722121
3726841
3635828
3083877
3957863
3957862
3957861
3950821
3700920
3700909
3700907
3700906
3700905
3700904
3634294
3633459
3527686
3514835
3486202
2868821
2422241
3945273
3953670
3953658
3953657
3953656
3953655
3953654
3953653
3950262
3808733
3792095
3775062
3726060
3726059
3545014
3513570
3456386
3087202
3087189
3014834
2947301
2942447
2420769
4077820
4077819
4077818
4077817
4077816
4077815
4073332
3852833
2936873
2866315
4089385
4075056
3931822
4066265
4059457
2937972
2934210
2414716
4058115
4070778
4045065
4044726
4030668
4030667
4030666
3161870
2931944
4048337
3849959
4030294
4028507
4019976
4019975
3910406
3893168
2933113
2865343
3997750
3997749
3997748
3936761
3851573
4008816
3896755
3891827
3989170
3989162
3989161
3989160
3982210
3980426
3978303
3884585
2862006
3969150
3968612
3899299
3968929
4089099
4089041
4088913
4011793
4001292
3985910
3936322
3899538
3885290
3837885
3832444
3156901
3156428
2933794
2866638
2414355
2413540
6150392
6570580
6522555
6520099
6520098
6520097
6520096
6520095
6240486
6151559
6150162
6518121
6514431
6512123
6512122
6397868
6521864
6504849
6504848
6084201
6504275
6481032
6480552
6480551
6590572
6747157
6747145
6565330
6746509
6746508
6540261
6463757
6380460
6717529
6721711
6610668
6508069
6473304
6733032
6728516
6728515
6697629
6610163
6462385
6462382
6203089
6145142
6738678
6723411
6706898
6706895
6560274
6544434
6209218
6146244
6699248
6698322
6542075
6239794
6607273
6589205
6588854
6588852
6534639
6511198
6494354
6494353
6494352
6484535
6463161
6662846
6662845
6657839
6657829
6666917
6664953
6657825
6655169
6666144
6630681
6630326
6226030
6887450
6643378
6643377
6640189
6366845
6226529
6193716
6866024
6678779
6678778
6232682
6863216
6863215
6863214
6621352
6573856
6351140
6888687
6888686
6888685
6888681
6888680
6888679
6888678
6888677
6888676
6888675
6888674
6888672
6863739
6554895
6350916
6350915
6552522
6878537
6850191
6227973
6550216
6847976
6686968
6359169
6219352
6192456
10318567
7133102
7161241
7161240
7153373
6131908
6763465
6129271
7173291
7142906
6925457
6925348
6925345
6925344
6186031
6186030
6130609
7153204
7153203
7140797
7139262
7201633
6758803
6181495
7088054
7088052
6123824
7145053
7132069
7107445
6760872
7132063
7097156
7096784
7051749
7051747
7051745
7051743
7051742
6921467
7181993
7128306
7096846
7096845
7096584
7093394
7092046
6918380
6918379
7121759
7089142
7065302
6920406
7074350
7074347
7047485
7088875
7071283
7056921
6212854
6176400
6119460
7182112
7180632
7170314
7164155
7146200
7106921
7096833
7058177
6916812
6810453
6761074
6215775
6916319
7334136
7312671
7187675
7052819
7052818
6916848
7329178
6274037
7326841
7326840
7297587
7294234
7299379
7032190
6916475
6115289
7326212
7052812
7052811
7036929
6763610
7291416
7290887
7266440
7340899
7290371
6916071
6793995
6461052
6461050
6943404
7288361
7242742
6453947
7335166
7237988
7236955
7221015
7215407
7202462
7202461
6907523
7336175
7328247
7217543
7015999
6895640
6167604
6167603
7282843
7205141
7205139
6821494
6100889
7443920
7008051
6776377
6776376
7419640
6903548
6162260
6106393
7427438
7241465
7010662
6927660
6902367
7463549
7464490
7430288
7403407
7428092
7379495
6927691
6927690
6927689
7387869
6111177
7384356
7374933
7374930
7374928
7363914
6941968
6927682
6900525
6101935
7367553
6101497
7450988
7446877
7403355
7391427
7386406
7383965
7365171
7204797
6903564
6165029
6160783
521428
521427
391794
316317
160406
515280
260774
90989
511962
511961
511958
502852
484426
389718
511502
258335
158175
489515
479869
289661
159140
159139
542578
479464
257886
551661
398187
394253
485990
479102
222139
158005
157061
112394
377358
157235
36437
461644
457822
436890
430322
373009
530401
451097
438111
86533
35511
10318437
424493
420902
374082
759159
554992
552892
521004
521003
508240
507578
456079
449586
437886
428036
428034
422686
420960
419335
419334
419333
386670
284235
256160
251535
233530
155870
121230
94332
88396
723701
730668
252317
757567
707654
366651
711826
711824
704767
701608
701607
251039
151699
733708
725412
359815
703518
708291
681468
681466
656860
676960
670506
670140
670139
670138
670137
670136
670135
670134
670133
670129
670128
149788
691527
684316
684313
657773
354321
354318
356905
670335
652926
648548
100804
662977
641004
640998
76544
748959
744850
744849
744848
744847
744846
744845
744844
724933
715088
688749
681090
674457
646782
646781
646780
646779
646778
646777
632486
632485
413782
375709
370186
348194
345741
284073
77158
25643
599139
594263
605323
605321
603972
590738
563824
339663
243089
71577
915434
915433
588436
588435
305727
200801
143647
73535
334649
914908
609644
602806
578516
578515
562353
893570
601365
337757
335816
330580
73343
894708
888112
875531
577496
876189
876187
866709
874018
857834
853944
850666
594464
141458
11643515
854801
840962
576609
576608
576607
576601
576599
576598
322698
140937
558516
913164
886088
855543
845339
841505
838787
832933
612951
608662
599232
599231
324849
18499
1034983
1026134
995522
984255
1005570
994489
61402
976950
965571
788763
10596
60525
1036495
1011918
991395
957940
996210
969619
951155
995576
785162
953527
948296
1271961
949830
933965
1046219
959161
1252859
946803
946802
773918
1245648
943111
935066
1262621
1262237
1257664
1027000
1005556
996456
993486
971554
966905
766884
11648
1243140
1243139
1219962
1194533
1233565
1206053
1179024
810319
1060430
1174128
1174127
240450
124811
1134536
1174964
1157596
1099603
1042370
1174121
1174120
1162491
1143256
1078348
1056531
1040558
17734337
1187999
1162227
1093153
124194
1123477
1163920
1163919
1120416
235060
1131466
1131465
234133
1110910
1235806
1228081
1202961
1193506
1184861
1184860
1181140
1179901
1166273
1158589
1123315
1121569
1120855
1102030
1102029
1102028
1101373
1094792
1052703
1039605
1037815
804702
769118
4449290
10318404
4444665
4480314
4480313
4480312
4480311
4480310
4480309
4463187
4441252
4374081
4453598
4446217
4423098
4438092
4459628
4427893
4282089
4218556
4613729
4608241
4547196
4479964
4479963
4479962
4479961
4479960
4471032
4374459
4280396
4420044
4855280
4135025
4836081
4851006
4603403
4457559
4216905
4832188
4497719
4430819
4839544
4825808
4603003
4597904
4496230
4409308
4829413
4829412
4824187
4433462
4206752
4494162
4825826
4598185
4479850
4479849
4479848
4479847
4479846
4479845
4479844
4479843
4479842
4468129
4814805
4814082
4596670
4129965
4814486
4851008
4839028
4837364
4826395
4810928
4615991
4599439
4596897
4596896
4499611
4475668
4471711
4466240
4455731
4448605
4447459
4442293
4442292
4432717
4432715
4422450
4406456
4406455
4406454
4406453
4277651
4142074
4789179
4128755
4771866
4774484
4770912
4767020
4356474
4769165
4754881
4586279
4361220
4801356
4801355
4801354
4786518
4594989
4536407
4204901
4799592
4790998
4788888
4750852
4520538
4520537
4364555
4201129
4733894
4721452
4720815
4124965
4800392
4800391
4800390
4800389
4719484
4712731
4588929
4583797
4583796
4211228
4795813
4718692
4714975
4713454
4709791
4718052
4703401
4700684
4269076
4268505
4700522
4740417
4800388
4800387
4800386
4800385
4692179
4583795
4583794
4583793
4583792
4721999
4578228
4695861
4695859
4487013
4486682
4268522
4802597
4766000
4749605
4747510
4740587
4740586
4740585
4740584
4740583
4710116
4706399
4696281
4689722
4687737
4602536
4602535
4602534
4602533
4602532
4602531
4602530
4602529
4581281
4365690
4273118
4655127
4657390
4118257
4637148
4658475
5084339
4679557
4644775
4614465
4564856
4485909
4116595
5086512
5070246
4679295
4679294
4679293
4679292
4676114
4665214
4651764
4581614
4581613
4119796
5077920
5054812
5053707
5046225
5046224
5075753
5057258
5075989
5038017
4678765
4678764
4678763
4678762
4678761
4567547
4484052
5042333
4637789
5066530
5056744
5027364
4680215
4623884
4483760
4403072
5068668
5068667
5068666
5068665
5068664
5027720
5023465
5021802
4672789
4560289
4538331
4341399
4481908
5011269
5022452
5013956
5010598
5010592
4123950
5043728
4625630
5068893
5067404
5067403
5067402
5067401
5067400
5057062
5055234
5046967
5032906
5007496
5007495
4681137
4681133
4669614
4665821
4660433
4554831
4510131
4402108
4260148
4112785
4112488
5161918
5113664
5002163
4946661
5160081
5149583
5149581
5125809
5121981
5119946
5119941
4107930
5173774
5173773
5173772
5173771
5173770
5173769
5173768
5173767
5133858
5115657
5114756
4939189
4106539
5208678
5165835
5138128
5094360
4937266
5570392
5209079
5119820
5095780
5556306
5208845
5172536
5172535
5172534
5172533
5172532
5172531
5172530
5164437
5107339
5004644
4998547
4260336
5104690
5564560
5564558
5558461
5556929
4940579
4931847
5581265
5578343
5091531
5087662
4101511
5206158
5581877
5576639
5576635
5570977
5172393
5172392
5172391
5172390
5172389
5172388
5172387
5089760
4396315
4335857
4252513
4103508
4101207
5549603
5101056
5093225
4930821
5573167
4931534
4254780
4100307
5566578
5554607
5547941
5211148
5205493
5172443
5172442
5172441
5172440
5172439
5172438
5172437
5153005
5142844
5142571
5113150
5100019
4993296
4951030
4947755
4947754
4942602
4322733
4111092
4098797
5532113
5497088
5491898
5490707
5482649
5203817
5203816
5203815
4991526
5472949
5481237
5535955
5529674
5527410
5487710
5482680
5480698
5485526
5477941
5475519
5479000
5532586
5496975
5484907
5456333
5273565
5201831
5474202
5459646
5457537
5454491
5449503
5449497
5536067
5515622
5507299
5492565
5483675
5472574
5458294
5447380
5485165
5431838
5431836
5427997
5424680
5423028
4316822
5443653
5436867
5430221
4097056
5439739
4191773
5436559
5507310
5505825
5482391
5002103
4107172
5440244
5440243
4314258
5521284
5438834
5411530
5198826
5416622
5418660
5418658
5411444
5514819
5512903
5512902
5512901
5512900
5494745
5458940
5448183
5421309
4910308
5407533
5352208
4919802
4913943
4312500
5374546
5374010
5370737
5388314
5363755
5351701
5349650
5348787
5344577
4242008
4897400
4243575
5387646
5808773
5805348
5805347
5366383
5195702
4184161
5351661
5815129
5811458
5810539
5803242
5257642
5808989
5776869
5193205
4896422
4183083
5789195
5787720
5767345
5408154
5815940
5780408
5779504
4891589
4305415
5254121
5802894
5786053
5763522
4885490
4183370
5789294
5784676
5782823
5776175
5398902
5398154
5384767
5375560
5371834
5369956
5366523
5360572
5354537
5353368
5348938
4900056
4899650
4183196
4181212
4181098
5760880
5730950
5726837
5704390
5698700
5697637
5716577
5714985
4387550
5681043
5749065
5711825
5700132
5684984
5672803
5190063
4892153
5667239
4879452
4176924
5734547
4386439
4174923
5673226
5733532
5661548
5661547
5657362
5301643
4386204
5718303
5670025
5658519
5657719
4873058
5673614
5654143
4231679
4171484
5645151
5645150
4874978
4871071
4870140
4171455
5687209
4868136
4170464
5744979
5716675
5652190
5644766
5643959
4866988
5725269
5671973
4922936
4880469
4880468
4880467
4880466
4880465
4880464
4880463
4880462
4880461
4880460
4169269
6079677
6076858
6076853
6074118
5585653
6075452
6075451
6074892
6074890
4875459
6080635
6082124
5588915
5182298
4952159
4952158
4167687
6061864
6045950
6036126
4873697
6025711
6066636
6032946
6032943
5623438
5592534
4860711
6050430
6021591
6017926
6043635
6031364
6030207
5612989
5598787
5598408
5598407
5598405
5598404
5239335
4867076
6009639
5999083
5999082
5972659
5969989
5981255
5970485
5952851
5950399
5946545
5338335
4172033
5965284
5957584
5925054
5911174
5327454
5950969
5984573
5937069
5325567
5999072
5929412
5335936
5908487
5330475
5322854
6013335
6007037
5988973
5965405
5958542
5946904
5907496
5902980
5335788
4223850
4164427
5851038
5174235
5887813
5890354
5886549
5866448
5860627
5849739
5838376
5835672
5829422
5827518
5827394
5825391
5318111
14338424
5887231
14314456
14293470
5873759
5834458
5830574
14304593
14316937
14294411
5837040
14285481
5832912
14322804
14316703
14221699
14221694
5837044
5826546
14266629
14238246
14235732
14234765
14226314
14216176
14212955
14168058
14187568
14177384
14257121
14182687
14182028
14181170
14181129
14148738
14150200
14260448
14188105
14226709
14168484
14158483
14150701
14128736
5182322
5182321
14146188
14203483
14146293
14143327
14138845
14138356
14136259
14136258
14130790
14168870
14135439
14116051
14116782
14325807
14281156
14265458
14261448
14233416
14225132
14215022
14201489
14200904
14163581
14162297
14155666
14116919
14116840
14073544
14119986
14090628
14088900
14084256
14096404
14068078
14082795
14088199
14055893
14045256
14046215
14017888
14001870
14033761
14031879
14017887
13979002
14200912
14146324
13932605
13924186
14004946
14494916
13992378
13929336
13894863
14459626
13892614
14497298
14464484
13882649
13699189
13909419
14494917
13707158
13728408
13699188
13747230
13738208
13867084
13747231
13832627
13821034
13809213
14416558
13661214
13660008
13641515
13640772
13603302
13575046
13566909
13544728
13549581
24544881
13574940
13607933
13607932
13553644
13478218
13470021
13481736
13432079
13432078
13527740
13518417
13405652
13404612
13398577
13466618
13466601
13339939
13292547
13518120
13265938
13202049
13163127
13180278
13273332
13246089
13059732
13050802
13088348
13053547
24542030
14919780
14934293
14941646
14860968
14857132
14838158
14829557
14804036
24537805
18146742
18861082
20273411
18896727
21001998